#type       avg     std     min      p5     p10     p50     p67     p75     p80     p85     p90     p95     p99    p999   p9999      QPS   target       ts_start         ts_end
read      224.8    80.2    93.8   149.0   160.9   217.6   243.1   257.1   267.2   278.3   292.8   315.5   375.7   624.8  3162.5  30037.5    30000  1778381688179  1778381698330
read      232.6    96.1    93.8   153.8   165.7   222.9   248.7   263.3   273.2   286.1   301.5   328.0   418.2  1081.4  4227.5  29862.4    30005  1778381699843  1778381709969
read      227.6    85.6    93.8   152.3   163.8   219.9   244.5   258.1   267.8   278.6   292.9   316.3   395.0   769.3  3581.8  30043.6    30010  1778381711482  1778381721586
read      227.2    77.4   101.3   154.9   166.1   218.8   242.6   256.2   266.5   277.5   292.5   316.2   392.9   755.1  3039.9  30030.6    30015  1778381723098  1778381733201
read      228.4   103.7    86.8   150.7   162.4   218.7   244.1   258.3   268.5   280.2   295.1   320.1   419.0  1008.0  4377.2  29990.2    30020  1778381734715  1778381744822
read      230.7    91.2    93.8   151.7   163.6   221.4   247.9   262.9   273.0   286.2   302.1   328.4   409.3   808.9  4203.9  30096.8    30025  1778381746335  1778381756447
read      232.1    85.6    93.8   156.0   168.5   224.5   248.7   262.3   271.7   283.5   296.9   320.4   398.6   743.6  3490.5  30007.9    30030  1778381757960  1778381768069
read      229.7    87.3    93.8   150.8   162.2   220.3   247.3   262.3   272.5   285.5   301.1   328.7   423.5   779.3  3771.3  29969.8    30035  1778381769582  1778381779691
read      228.3    96.1    93.8   149.5   160.8   218.0   244.8   259.8   270.5   283.6   299.7   327.8   425.6   833.1  4330.4  30053.5    30040  1778381781209  1778381791334
read      232.2    99.0   101.3   153.9   165.4   222.3   248.2   262.9   272.8   285.6   300.8   327.6   416.6  1111.8  4272.0  30000.7    30045  1778381792848  1778381802953
read      232.9    84.9    93.8   154.0   166.2   224.7   250.4   265.2   274.9   288.2   304.1   329.9   402.9   672.1  3842.8  30102.1    30050  1778381804465  1778381814568
read      234.3    83.6    93.8   154.0   166.3   226.0   253.0   268.1   278.4   291.2   307.5   333.1   404.7   649.8  3844.6  30011.3    30055  1778381816081  1778381826188
read      232.5    92.4    86.8   152.4   164.5   223.5   250.2   265.3   275.3   288.8   305.1   331.1   404.0   790.7  3938.2  30096.7    30060  1778381827702  1778381837805
read      234.8    84.4    93.8   154.3   166.4   226.2   252.9   268.0   278.4   291.5   308.2   334.4   407.9   784.7  3162.2  30089.8    30065  1778381839318  1778381849421
read      223.9    90.0    93.8   151.4   162.4   215.4   239.3   253.0   263.2   274.0   289.6   313.1   377.4   901.2  3992.0  30112.1    30070  1778381850933  1778381861040
read      230.6    92.5    93.8   153.6   165.0   221.4   247.5   262.4   272.6   285.5   300.6   324.2   393.9   872.1  3662.1  30159.7    30075  1778381862552  1778381872660
read      232.6    90.5   101.3   155.5   167.3   224.1   249.5   264.0   273.6   286.4   301.3   324.5   394.7   832.6  3717.8  30121.9    30080  1778381874171  1778381884277
read      232.9    87.5    93.8   153.7   165.5   224.7   251.2   266.0   275.7   288.8   304.4   328.4   395.0   929.4  3486.7  30063.2    30085  1778381885792  1778381895896
read      232.2    83.9    93.8   153.2   165.3   224.3   250.7   265.6   275.2   288.4   303.9   327.7   390.4   687.3  3855.3  30151.9    30090  1778381897409  1778381907516
read      230.3   102.5    93.8   152.8   164.6   221.6   247.2   261.8   271.8   284.3   298.9   322.3   390.0   956.5  4190.7  30171.9    30095  1778381909028  1778381919133
read      224.0    91.5    93.8   151.5   162.5   215.1   238.9   252.8   263.2   274.3   290.3   314.1   382.1   806.8  3986.4  30107.5    30100  1778381920646  1778381930749
read      227.0    82.8   101.3   152.7   164.3   219.5   243.4   256.7   266.5   276.9   291.9   315.3   384.3   767.0  3084.8  30156.5    30105  1778381932262  1778381942375
read      231.0    93.0    93.8   149.9   162.4   223.7   250.6   265.2   274.7   287.2   301.5   324.5   392.6   676.4  4295.3  30192.3    30110  1778381943887  1778381953989
read      229.8    92.5    93.8   151.5   163.6   222.2   248.5   263.0   272.6   284.8   298.4   320.6   384.6   648.3  3866.4  30081.7    30115  1778381955503  1778381965607
read      224.3    83.0    93.8   147.6   159.3   217.1   242.7   256.7   266.9   277.8   292.6   315.5   377.6   629.0  3672.4  30144.3    30120  1778381967120  1778381977223
read      226.3    79.8    93.8   148.2   160.0   219.0   245.1   259.6   269.9   281.9   296.0   319.7   385.0   602.7  3198.0  30141.3    30125  1778381978736  1778381988856
