#type       avg     std     min      p5     p10     p50     p67     p75     p80     p85     p90     p95     p99    p999   p9999     QPS   target
read      374.7   610.6    80.4   147.4   161.6   223.7   255.1   275.5   296.4   335.3  1030.7  1219.2  2176.1  7921.1 10124.3   5017.0     5000
read      453.3   633.1    86.8   150.5   170.0   263.1   310.0   345.8   392.7   688.3  1167.1  1358.6  2267.2  7872.5 14139.7   9950.4    10000
read      543.6   663.8    86.8   146.9   173.7   306.5   386.7   488.9   754.1  1160.9  1279.2  1629.0  2369.6  7842.8  9053.8  15001.8    15000
read      633.6   663.9    80.4   155.6   184.5   366.4   526.7   810.1  1154.2  1265.4  1381.2  1812.3  2410.3  7707.9  9059.3  19880.2    20000
read     1520.1  1448.3    80.4   197.9   256.6  1067.2  1562.4  2386.5  2963.3  3146.7  3350.7  3784.0  7619.9  8634.3 10413.1  24877.0    25000
read     2788.9  1513.5   101.3  1001.0  1081.7  3104.4  3294.1  3403.8  3472.4  3649.4  4061.0  5127.8  7968.7  9969.8 14051.7  25264.0    30000
read     2706.8  1521.2   118.1   976.9  1047.4  3062.7  3214.2  3333.7  3418.5  3549.3  4028.9  4965.1  7951.0 10039.1 14899.5  26163.4    35000
read     2729.9  1514.8   137.8   985.9  1055.0  3067.6  3216.4  3344.9  3435.7  3620.1  4091.1  5125.0  7950.6  9705.3 12779.9  25976.3    40000
read     2876.2  1608.7   160.7   979.6  1060.4  3120.5  3339.2  3461.5  3610.1  3830.7  4232.5  5486.9  8028.8 10974.9 18196.4  24671.0    45000
read     4395.2  3669.0   109.4  1055.8  1169.5  3473.8  3934.4  4362.3  5479.2  7325.6  8918.0 12401.6 18608.9 25664.9 32279.0  16922.6    50000
read     2870.4  1552.6   202.4   991.4  1072.5  3131.9  3343.0  3454.0  3578.5  3765.5  4216.6  5457.9  7982.8  9894.8 14316.0  24739.4    55000
read     2962.4  1551.5   118.1  1051.5  1131.9  3190.1  3396.8  3495.5  3641.5  3819.4  4299.8  5770.7  7990.3  9872.5 12871.9  24020.0    60000
read     2929.2  1578.1   101.3  1006.4  1087.8  3161.0  3381.8  3489.8  3642.2  3831.6  4263.0  5714.7  7998.0 10075.0 17256.8  24293.6    65000
read     2895.8  1544.0   101.3  1020.2  1095.0  3141.1  3353.3  3464.2  3602.8  3806.6  4270.1  5442.1  7986.3  9860.6 13578.9  24449.2    70000
read     2886.2  1586.1   118.1   986.1  1070.8  3130.3  3349.3  3466.3  3610.7  3812.5  4219.2  5654.7  8017.0 10243.3 14938.3  24674.4    75000
read     3004.2  1594.8   109.4  1022.5  1102.5  3198.9  3433.2  3592.5  3724.6  3965.6  4372.6  6175.0  8017.5 10156.0 15443.2  23606.8    80000
Warning! Detected max cpu usage > 95%
CPU Usage Stats (avg/min/max): 65.63%,0.50%,100.00%
