#type       avg     std     min      p5     p10     p50     p67     p75     p80     p85     p90     p95     p99    p999   p9999     QPS   target
read      403.2   696.5    86.8   151.8   166.1   235.1   268.8   292.8   316.8   361.7  1048.2  1246.4  2199.7  8131.4 10107.5   4981.2     5000
read      468.2   645.5    86.8   153.2   174.3   273.7   323.2   362.0   404.3   751.9  1180.2  1373.9  2296.4  7906.0  9193.1   9980.4    10000
read      536.9   636.3    86.8   154.6   178.9   314.1   389.0   468.7   671.8  1153.3  1280.0  1586.9  2330.4  7757.1  8982.3  14907.8    15000
read      655.3   678.8    80.4   158.2   190.9   380.3   550.4   851.8  1174.6  1289.3  1427.9  2038.6  2475.9  7707.4  8911.5  19931.4    20000
read     2019.0  1607.4    86.8   249.2   335.8  1375.5  3019.3  3169.0  3275.9  3410.4  3652.6  4366.1  7837.0  8686.7 10229.3  24809.2    25000
read     2723.8  1538.0   148.8   957.3  1033.2  3065.8  3225.2  3354.4  3438.7  3628.1  4073.7  5140.6  7961.3  9906.7 13959.0  25982.2    30000
read     2919.2  1554.1   127.6  1014.9  1099.0  3162.5  3379.6  3484.6  3627.1  3788.5  4203.1  5514.0  7992.2  9848.4 13353.6  24373.0    35000
read     2816.1  1534.9   118.1   991.0  1069.9  3106.8  3304.4  3422.9  3509.4  3729.6  4165.8  5306.8  7968.4  9873.7 12880.5  25182.0    40000
read     2912.3  1574.7   218.6  1011.6  1090.8  3150.0  3367.0  3475.4  3616.3  3791.3  4250.7  5528.1  8001.0 10784.6 14996.5  24511.0    45000
read     2820.3  1550.2   148.8   997.8  1073.1  3104.5  3289.2  3407.8  3481.8  3706.8  4175.6  5361.5  7982.7 10013.2 13842.2  25240.8    50000
read     2913.2  1572.5   109.4  1011.7  1094.4  3148.1  3361.5  3469.5  3610.6  3804.9  4242.9  5737.9  8014.7 10104.7 12909.0  24469.9    55000
read     2942.6  1556.9   202.4  1037.2  1117.7  3174.5  3380.7  3478.4  3613.7  3767.8  4297.0  5554.3  7998.9  9838.3 13469.5  24212.2    60000
read     2774.5  1529.5   160.7   962.7  1042.4  3085.5  3270.1  3407.4  3497.5  3730.5  4106.8  5219.4  7953.1  9480.8 13468.3  25583.4    65000
read     2771.4  1561.0   160.7   979.5  1052.9  3077.8  3241.7  3375.3  3458.7  3681.9  4124.6  5209.7  7998.5 10221.0 15698.2  25695.6    70000
read     2924.3  1596.4    93.8  1021.1  1097.6  3153.3  3369.8  3478.6  3626.8  3825.6  4276.0  5789.6  8013.6 10151.4 22671.1  24370.3    75000
read     2761.5  1521.4   118.1  1012.6  1073.9  3083.3  3248.7  3371.7  3448.5  3626.4  4109.8  5223.4  7959.5  9858.9 13632.5  25677.0    80000
Warning! Detected max cpu usage > 95%
CPU Usage Stats (avg/min/max): 66.20%,0.50%,100.00%
