#type       avg     std     min      p5     p10     p50     p67     p75     p80     p85     p90     p95     p99    p999   p9999     QPS   target
read      273.1   135.5   101.3   170.8   185.8   259.8   290.5   309.7   324.0   342.4   368.0   412.6   549.5  1121.4  3629.1   5009.4     5000
read      295.5   102.1    86.8   165.4   189.1   288.3   324.3   344.9   360.8   378.5   402.7   443.1   542.3  1007.6  3229.7  10021.0    10000
read      324.7   121.7    86.8   158.0   187.0   317.8   361.4   385.1   401.9   424.6   454.6   506.1   665.3  1099.4  2013.9  14912.6    15000
read      346.0   224.5    80.4   156.4   183.0   330.5   378.0   404.5   425.4   450.2   484.1   543.5   786.0  3659.0  7708.0  20022.4    20000
read     4137.3  2970.3   148.8  1321.4  1476.9  2954.0  5173.3  6109.8  6763.4  7454.9  8042.5  9213.8 15212.0 17229.3 22186.8  17768.0    25000
read      550.6   657.8    86.8   157.9   186.8   376.2   453.9   508.2   554.5   658.4  1083.4  1867.2  3008.4  7838.5  9140.6  30030.6    30000
read      646.2   712.5    80.4   165.6   199.8   416.2   533.6   655.0   808.4  1181.0  1541.5  1892.8  2917.2  7970.8  9989.1  34934.6    35000
read     1870.9  1009.4   148.8  1169.6  1268.6  1680.4  1831.9  1926.3  2001.8  2109.5  2293.9  3076.9  7809.5  9353.7 12398.5  37733.0    40000
read     1971.9  1039.3   109.4  1312.4  1403.7  1746.3  1892.3  1991.9  2067.2  2176.2  2376.0  3307.2  7844.5  9148.2 12200.7  35979.8    45000
read     1998.1  1084.4   173.5  1202.2  1317.4  1776.3  1959.2  2073.7  2169.7  2310.6  2557.5  3319.5  7860.6  9755.7 15270.0  35577.8    50000
read     1934.0  1022.6   118.1  1288.5  1375.5  1722.7  1867.2  1962.4  2027.6  2137.9  2328.0  3209.8  7831.8  9310.1 12092.2  36660.4    55000
read     1903.2  1030.9   127.6  1195.4  1301.0  1705.7  1847.9  1938.5  2008.1  2112.6  2305.9  3160.8  7830.5  9295.6 12684.1  37329.0    60000
read     1908.4  1026.2   202.4  1291.3  1375.3  1690.8  1828.3  1914.3  1989.7  2091.8  2295.2  3145.9  7832.3  9520.7 15386.2  37203.6    65000
read     1933.7  1033.1   173.5  1294.7  1386.1  1714.7  1861.5  1958.0  2025.4  2135.2  2329.1  3190.1  7835.9  9588.4 12896.5  36727.2    70000
read     1868.6  1007.2   137.8  1160.0  1263.3  1688.7  1828.5  1910.5  1985.0  2079.8  2253.2  3121.4  7801.9  9539.9 12864.1  37837.8    75000
read     1988.0  1064.2   173.5  1303.4  1394.6  1744.7  1910.7  2015.0  2108.4  2231.4  2511.7  3328.9  7859.1  9502.7 12036.8  35726.6    80000
Warning! Detected max cpu usage > 95%
CPU Usage Stats (avg/min/max): 65.66%,0.50%,100.00%
