#type       avg     std     min      p5     p10     p50     p67     p75     p80     p85     p90     p95     p99    p999   p9999     QPS   target
read      262.4    93.0    93.8   168.5   183.4   253.9   282.4   297.8   310.9   325.2   344.9   377.4   460.2  1011.3  3171.1   5062.4     5000
read      295.2   105.9    86.8   164.7   189.1   287.7   323.1   343.0   358.1   374.4   399.0   438.2   550.5  1372.8  3185.1   9966.4    10000
read      320.4   112.4    86.8   158.3   186.9   315.8   357.4   380.3   397.1   418.0   445.4   492.6   617.5   930.0  2513.4  14958.4    15000
read      327.0   126.4    86.8   153.7   178.9   321.9   368.2   393.8   412.6   435.0   466.4   519.1   678.1   932.7  3117.5  19915.2    20000
read      358.2   158.5    80.4   155.8   182.0   344.2   399.2   430.2   454.3   483.9   525.2   605.2   866.8  1447.7  3081.5  25034.2    25000
read      442.1   477.1    86.8   159.2   185.8   355.7   424.0   466.3   500.8   544.8   635.1   898.9  2261.2  7370.3  9219.2  30042.8    30000
read     1851.9  1136.6    80.4   408.0   948.2  1722.9  1922.9  2043.4  2150.0  2296.1  2561.6  3257.4  7831.4  9471.9 11779.1  34877.5    35000
read     1903.0  1030.0   118.1  1170.0  1278.0  1712.5  1859.9  1957.4  2027.2  2143.4  2338.2  3167.5  7813.9  9400.8 12831.3  37121.6    40000
read     2243.5  1198.3   148.8  1265.4  1398.8  1945.2  2192.1  2383.1  2556.3  2793.2  3180.1  4024.4  7911.2  9429.8 13799.2  31740.2    45000
read     1982.8  1062.6   118.1  1204.5  1315.1  1768.7  1942.0  2044.3  2140.3  2266.4  2518.2  3330.2  7851.1  9559.4 12108.5  35813.0    50000
read     2398.4  1235.4   255.0  1355.6  1495.8  2070.6  2375.4  2590.8  2779.1  3059.6  3495.6  4396.7  7925.9  9484.0 12164.2  29713.0    55000
read     2178.4  1188.1   321.2  1246.5  1373.9  1875.0  2125.9  2306.3  2469.9  2710.9  3102.8  3889.9  7910.1 10075.3 14983.1  32699.8    60000
read     1934.2  1052.4   187.4  1194.5  1302.5  1729.2  1883.6  1989.2  2069.1  2181.9  2380.3  3202.1  7841.9  9637.6 12855.4  36676.6    65000
read     1925.8  1030.0   118.1  1191.3  1292.7  1733.9  1887.3  1988.5  2060.5  2160.8  2339.4  3201.4  7827.6  9330.6 11914.6  36798.2    70000
read     2033.6  1068.9   173.5  1232.0  1347.4  1810.7  1996.4  2115.5  2201.9  2353.3  2621.7  3404.1  7852.4  8958.0 11700.8  34916.2    75000
read     2172.7  1127.8   202.4  1289.3  1412.7  1918.9  2136.5  2278.9  2394.2  2589.5  2937.2  3698.5  7890.9  9222.5 13538.3  32770.8    80000
Warning! Detected max cpu usage > 95%
CPU Usage Stats (avg/min/max): 66.03%,0.51%,100.00%
