#type       avg     std     min      p5     p10     p50     p67     p75     p80     p85     p90     p95     p99    p999   p9999     QPS   target
read      437.0   710.7    93.8   161.7   177.3   247.8   287.1   315.9   345.7   413.3  1154.9  1346.2  2338.5  8070.9 12769.7   4916.4     5000
read      488.3   632.5    86.8   159.7   180.9   282.7   336.8   386.1   449.7  1084.3  1247.4  1448.5  2335.6  7816.7 10267.6   9928.8    10000
read      629.8   775.0    86.8   158.0   188.7   344.6   460.4   643.4  1131.7  1275.3  1379.2  1869.7  3306.6  7952.7  9993.6  14830.2    15000
read     1091.5  1295.8    86.8   171.6   213.9   528.0  1180.3  1374.8  1550.4  2225.6  2795.0  3548.2  7221.8  9318.6 14500.2  20073.8    20000
read     3216.3  1752.4   101.3  1023.5  1128.6  3311.9  3568.8  3742.4  3931.1  4227.4  4938.2  7155.6  8168.6 13115.2 16210.9  21905.2    25000
read     3083.3  1588.4   127.6  1077.2  1161.8  3281.3  3465.6  3618.0  3729.9  3953.3  4425.1  6494.7  8037.0 10095.9 14301.5  23052.2    30000
read     3314.4  1697.8   101.3  1078.4  1169.6  3365.2  3641.1  3829.5  4005.8  4280.4  4930.0  7128.1  8119.1 11797.9 16139.7  21527.8    35000
read     3323.6  1710.5   137.8  1103.7  1199.9  3374.9  3631.9  3803.9  3990.9  4270.9  5010.5  7115.4  8238.4 12568.2 16196.7  21488.4    40000
read     3161.6  1590.8   109.4  1090.7  1176.7  3318.0  3524.8  3684.6  3802.1  4024.5  4440.7  6577.2  8047.0 10218.3 14922.6  22552.0    45000
read     3170.0  1635.1   137.8  1076.5  1165.7  3307.9  3515.3  3683.1  3809.3  4038.0  4563.1  6770.8  8089.6 10475.1 15739.0  22512.4    50000
read     3467.3  1715.7   218.6  1138.0  1243.7  3451.0  3740.2  3938.7  4071.4  4366.5  5326.7  7326.0  8398.1 13067.0 17497.2  20687.8    55000
read     2892.3  1552.7   148.8  1040.9  1115.2  3159.0  3351.0  3441.1  3513.6  3706.1  4176.7  5593.2  8000.5  9895.3 14041.9  24669.2    60000
read     2953.4  1558.9   202.4  1043.4  1121.1  3193.8  3385.8  3474.0  3604.0  3766.6  4270.7  5865.0  8006.7  9936.9 13931.5  24170.2    65000
read     2980.5  1532.3   109.4  1063.8  1143.8  3243.3  3412.5  3494.6  3626.7  3758.9  4235.4  5564.9  7995.1 10026.4 13752.9  23797.8    70000
read     3233.7  1628.6   236.1  1100.6  1186.2  3345.4  3565.3  3721.2  3877.6  4111.7  4621.9  6866.5  8072.3 11068.6 15936.4  22066.4    75000
read     2943.6  1543.4   236.1  1043.2  1122.4  3198.7  3395.3  3485.6  3618.6  3759.2  4228.9  5520.7  7998.2  9865.6 12798.4  24172.0    80000
Warning! Detected max cpu usage > 95%
CPU Usage Stats (avg/min/max): 65.93%,0.00%,100.00%
