#type       avg     std     min      p5     p10     p50     p67     p75     p80     p85     p90     p95     p99    p999   p9999     QPS   target
read      465.1   816.4    93.8   160.8   176.0   246.2   289.5   321.5   358.1   439.1  1176.5  1379.8  3466.2  8061.3 10683.0   4951.4     5000
read      522.7   681.8    86.8   157.0   180.5   287.1   350.2   420.4   530.4  1164.2  1299.1  1764.0  2368.0  7851.9  8146.0   9958.2    10000
read      745.0  1227.7    86.8   153.5   181.9   332.8   443.3   660.9  1191.4  1298.4  1449.1  2332.6  7271.5 11695.3 16539.0  15108.6    15000
read      863.6   981.7    80.4   165.4   200.5   451.8   820.6  1259.7  1357.6  1493.3  1980.7  2608.1  4438.1  8039.1  9658.5  20089.6    20000
read     3190.3  1739.4   101.3   997.3  1121.4  3317.7  3580.1  3764.4  3956.9  4226.5  4847.3  6965.1  8119.7 11408.4 16195.9  21821.4    25000
read     3414.1  1761.7   101.3  1104.9  1205.6  3404.1  3688.1  3892.3  4054.6  4357.9  5261.2  7425.3  8529.6 14281.4 17038.7  20915.2    30000
read     2898.3  1543.6   118.1  1036.7  1110.3  3162.1  3362.3  3456.8  3566.1  3743.0  4221.2  5501.5  7985.2  9771.3 13690.5  24500.5    35000
read     9459.6  5323.4   118.1  1440.6  3291.5  8274.0 10882.9 12327.3 13578.3 15104.6 16130.1 18906.6 25539.6 32378.0 40672.0   8365.6    40000
read     2924.2  1565.3   160.7  1041.9  1122.6  3162.8  3381.3  3481.4  3626.4  3819.2  4353.6  5793.8  7993.6  9903.0 12836.6  24319.0    45000
read     2952.1  1583.5   118.1  1042.6  1123.4  3184.5  3398.9  3505.1  3653.9  3867.4  4388.0  5995.6  7999.6  9908.9 13621.6  24143.0    50000
read     2928.5  1571.3   187.4  1049.4  1126.2  3172.4  3380.8  3475.0  3617.3  3829.7  4356.3  5634.1  8000.5  9866.2 13272.8  24398.2    55000
read     3238.0  1687.9   160.7  1071.2  1164.9  3326.4  3613.1  3802.0  4000.6  4300.6  4981.3  6921.2  8087.5 11235.9 16088.4  22032.8    60000
read     2956.6  1553.1   148.8  1054.4  1134.5  3201.5  3406.8  3513.2  3657.2  3857.3  4335.7  5739.1  7990.5  9856.2 14455.1  24025.0    65000
read     3022.8  1575.2   160.7  1064.3  1144.4  3227.3  3435.6  3586.2  3723.3  3978.8  4406.7  6090.2  8006.1  9861.7 13632.7  23511.5    70000
read     3010.3  1596.5   255.0  1053.5  1132.2  3219.1  3428.4  3566.0  3697.4  3940.4  4437.9  6119.3  8030.4 10435.9 14205.0  23706.6    75000
read     3118.5  1619.4   160.7  1070.3  1159.2  3272.7  3481.5  3662.0  3793.7  4071.1  4676.5  6665.5  8038.9 10014.9 13250.3  22935.2    80000
Warning! Detected max cpu usage > 95%
CPU Usage Stats (avg/min/max): 65.80%,1.00%,100.00%
