#type       avg     std     min      p5     p10     p50     p67     p75     p80     p85     p90     p95     p99    p999   p9999     QPS   target
read      439.9   757.0    86.8   157.9   173.1   237.9   278.8   306.6   335.6   398.4  1154.6  1357.6  2369.8  8052.8 10122.1   5034.2     5000
read      653.9   896.4    93.8   165.7   191.3   319.6   430.6   610.3  1120.9  1274.7  1429.4  2236.4  4600.6  8052.4  9871.4  10040.0    10000
read      646.5   775.5    80.4   152.5   184.5   348.8   475.6   709.3  1193.8  1295.0  1406.1  2044.9  3438.0  7926.1  9349.5  15011.4    15000
read     1421.8  1716.3    80.4   174.3   220.2   705.6  1358.8  1736.9  2466.7  3209.6  3515.1  4210.9  7912.0 14162.1 24349.9  19969.2    20000
read     2639.8  1680.0    93.8   351.4   631.4  3085.5  3364.3  3466.6  3579.0  3720.6  4062.6  5440.9  7962.7  9553.5 12716.0  23431.0    25000
read     3520.7  1821.5    93.8  1131.1  1232.2  3450.5  3750.5  3976.5  4175.5  4532.8  5773.4  7559.5  8936.2 14983.4 18777.9  20273.2    30000
read     3267.6  1702.3   218.6  1110.5  1197.6  3344.0  3561.4  3722.1  3886.6  4154.6  4804.1  7168.7  8134.2 13169.2 16216.2  21913.4    35000
read     3170.0  1628.3   109.4  1068.4  1157.6  3305.5  3518.5  3695.9  3843.3  4064.3  4570.4  6731.2  8066.4 10221.1 15931.4  22433.0    40000
read     3094.4  1590.5   118.1  1085.5  1171.0  3284.8  3465.0  3615.0  3726.7  3947.0  4421.5  6465.4  8047.0 10242.1 15008.4  23015.2    45000
read     3106.7  1574.8   202.4  1100.4  1171.7  3291.0  3471.8  3620.5  3725.0  3931.6  4374.0  6563.0  8024.2 10112.1 13728.2  22993.2    50000
read     3292.6  1683.9    93.8  1106.0  1197.6  3367.8  3609.9  3751.9  3917.7  4148.5  4775.3  7100.2  8120.8 13562.6 16197.9  21720.6    55000
read     3043.8  1561.1   137.8  1091.0  1158.9  3250.7  3434.9  3563.4  3691.0  3901.3  4333.9  6227.5  8016.7  9996.7 14317.3  23381.0    60000
read     3050.1  1565.7    93.8  1088.6  1165.5  3262.2  3445.0  3573.2  3683.4  3851.1  4316.6  6282.1  8025.4 10012.9 14754.8  23335.6    65000
read     3111.3  1577.7   218.6  1108.6  1187.4  3295.2  3461.9  3602.7  3713.4  3921.9  4387.7  6598.5  8037.3 10031.3 13864.4  22983.2    70000
read     3076.6  1557.2   137.8  1103.2  1178.8  3283.3  3457.3  3593.1  3701.2  3887.3  4340.5  6316.8  8021.7 10127.7 14109.7  23136.6    75000
read     4128.0  2309.2   148.8  1136.1  1274.2  3707.5  4224.1  4657.5  5332.5  6541.4  7464.0  8115.7 12003.4 16525.3 21956.6  17526.6    80000
Warning! Detected max cpu usage > 95%
CPU Usage Stats (avg/min/max): 66.20%,0.50%,100.00%
