#type       avg     std     min      p5     p10     p50     p67     p75     p80     p85     p90     p95     p99    p999   p9999     QPS   target
read      275.4    97.1   101.3   174.3   189.9   265.3   296.4   314.5   327.9   344.2   367.7   405.2   512.5  1283.9  3172.6   4994.6     5000
read      295.6   109.5    86.8   168.1   191.6   289.3   323.4   343.2   358.8   376.1   400.8   441.4   542.1   921.9  3871.2   9986.4    10000
read      323.4   118.6    86.8   157.3   187.3   318.3   360.0   383.6   400.4   422.9   451.8   499.8   633.0  1206.2  2614.5  15051.0    15000
read      347.3   154.1    86.8   157.6   185.6   337.5   387.3   414.6   434.5   460.2   495.7   553.0   784.7  1595.6  3137.0  19974.0    20000
read      364.6   185.5    86.8   158.7   184.3   348.3   403.1   435.0   459.8   490.9   533.5   611.0   891.1  1863.7  5200.4  24956.4    25000
read      430.1   345.5    86.8   163.6   192.0   368.5   440.0   484.7   522.0   570.7   665.6   866.2  1763.7  3530.5  8138.4  30115.4    30000
read     2067.5  1123.6    93.8  1167.2  1313.9  1854.5  2060.7  2190.8  2306.8  2466.1  2750.2  3514.5  7876.0  9280.4 12464.9  33770.2    35000
read     1950.3  1064.6   255.0  1191.1  1295.1  1735.2  1901.5  2012.9  2108.2  2231.7  2495.0  3225.1  7842.0  9933.7 15000.1  36349.2    40000
read     1870.9  1012.6   101.3  1153.7  1262.4  1689.1  1834.4  1923.7  1996.2  2098.7  2289.9  3139.8  7800.2  9261.2 13025.1  37671.9    45000
read     2068.6  1114.1   160.7  1258.9  1372.9  1806.1  2015.0  2162.1  2298.9  2493.2  2796.6  3494.4  7875.1  9779.9 13182.9  34381.8    50000
read     2111.2  1124.7   236.1  1271.5  1391.0  1856.8  2063.1  2195.8  2316.0  2488.8  2824.0  3581.6  7892.2  9842.5 13706.1  33762.4    55000
read     1995.3  1075.4   109.4  1208.2  1319.0  1772.2  1945.9  2056.3  2150.6  2282.6  2546.2  3413.3  7858.0  9240.8 10879.6  35665.7    60000
read     2059.7  1115.9   202.4  1212.4  1327.8  1812.2  2016.6  2153.5  2269.6  2438.3  2760.0  3538.4  7869.8  9700.0 13365.8  34516.0    65000
read     1991.9  1056.9   202.4  1201.3  1316.7  1780.6  1961.1  2072.6  2164.0  2300.1  2545.1  3341.1  7837.2  9059.4 14125.8  35565.0    70000
read     2524.6  1330.4   137.8  1327.6  1491.8  2165.4  2543.9  2805.7  3033.0  3316.6  3740.3  4933.9  7973.5 10059.0 14574.5  28308.2    75000
read     1985.2  1066.2   148.8  1206.5  1316.1  1772.2  1944.4  2049.2  2149.6  2284.8  2534.3  3306.7  7853.1  9830.9 13294.3  35742.8    80000
Warning! Detected max cpu usage > 95%
CPU Usage Stats (avg/min/max): 66.50%,1.00%,100.00%
