#type       avg     std     min      p5     p10     p50     p67     p75     p80     p85     p90     p95     p99    p999   p9999     QPS   target
read      268.2   111.8   101.3   170.5   186.1   256.1   288.5   306.3   318.9   336.6   360.2   399.8   498.7  1212.4  3992.8   5045.8     5000
read      309.1   125.1    86.8   170.1   195.7   301.2   338.4   359.9   374.6   394.6   420.3   462.6   590.4  1272.5  4546.7  10055.4    10000
read      326.5   119.3    86.8   162.4   191.3   320.4   363.4   386.5   402.5   424.7   453.9   502.4   631.9  1373.5  2369.9  15069.4    15000
read      335.8   129.6    80.4   157.1   182.8   330.3   377.9   403.2   423.0   445.8   475.7   531.4   688.8  1185.2  2992.9  19995.0    20000
read      368.4   240.5    86.8   158.4   183.0   344.0   400.9   432.8   457.7   489.0   533.1   615.3  1024.7  3579.8  7732.4  24940.2    25000
read      542.6   631.0    86.8   165.3   195.9   385.5   465.3   521.8   570.8   672.1   930.6  1677.0  3069.9  7850.6  9439.3  30003.2    30000
read     1924.0  1120.7    93.8   480.4  1130.3  1792.5  1985.6  2102.6  2188.2  2328.7  2567.6  3306.8  7823.6  9080.0 13017.1  34432.4    35000
read     1870.9  1043.8    93.8  1069.7  1219.9  1707.6  1864.4  1967.2  2038.0  2152.4  2335.4  3157.4  7813.7  8963.8 10768.5  36917.4    40000
read     1863.4  1010.7   118.1  1149.9  1258.1  1680.5  1829.4  1918.0  1994.8  2100.3  2290.3  3104.9  7803.4  9262.8 12637.7  37814.2    45000
read     1956.5  1034.4   160.7  1310.0  1403.0  1732.9  1874.5  1973.8  2042.3  2157.8  2355.3  3270.3  7842.0  9436.1 13467.8  36246.4    50000
read     1917.7  1029.3   275.4  1193.8  1301.3  1720.6  1865.7  1961.2  2027.2  2138.1  2336.0  3232.0  7827.2  9117.5 11906.5  36949.6    55000
read     1854.9  1001.9   118.1  1263.5  1338.4  1645.6  1775.5  1860.4  1931.4  2018.9  2189.9  3068.9  7816.8  9337.6 12730.2  38208.2    60000
read     1952.1  1028.9   321.2  1320.4  1408.0  1735.1  1870.3  1961.3  2023.5  2126.5  2302.4  3262.4  7845.1  9283.3 12609.2  36408.9    65000
read     1883.8  1010.5   137.8  1172.0  1276.0  1692.7  1841.5  1934.1  2006.4  2113.7  2305.9  3156.1  7804.2  8975.0 11686.7  37535.4    70000
read     1922.7  1015.3   118.1  1301.5  1387.4  1707.0  1844.1  1931.2  2001.2  2103.2  2301.6  3210.8  7821.1  9206.7 12779.5  36849.6    75000
read     1883.0  1014.6   187.4  1163.8  1264.7  1692.3  1838.0  1929.3  2002.9  2112.2  2319.3  3143.4  7806.8  8805.5 12373.4  37606.8    80000
Warning! Detected max cpu usage > 95%
CPU Usage Stats (avg/min/max): 66.33%,0.50%,100.00%
