#type       avg     std     min      p5     p10     p50     p67     p75     p80     p85     p90     p95     p99    p999   p9999     QPS   target
read      389.5   557.8   109.4   197.2   217.3   307.0   349.0   375.8   399.1   429.7   481.7   625.9  2065.1  8326.8 11493.7   5050.6     5000
read      447.2   768.3   101.3   191.5   215.9   330.4   379.8   408.4   431.6   461.8   507.2   632.3  4938.0  9203.6 13696.7   9954.4    10000
read      521.1   860.6   101.3   191.9   222.4   379.1   448.0   491.3   525.9   570.5   641.2   929.7  4953.3 11735.0 15944.6  14968.4    15000
read      548.8   849.4   101.3   185.4   216.7   397.3   483.4   536.2   576.2   629.6   721.6  1196.5  5071.6 10065.6 15836.1  19925.0    20000
read      629.0   687.6    93.8   200.5   240.5   475.1   594.6   677.0   742.5   845.1  1075.4  1541.0  3193.5  8130.0 13288.5  24950.6    25000
read      830.1   914.1    93.8   215.5   269.3   578.6   766.3   929.9  1122.0  1367.4  1630.2  1963.4  5440.1  8901.8 14295.9  29918.8    30000
read     2014.1  1095.1   127.6  1491.1  1549.0  1766.9  1855.7  1917.2  1987.9  2088.6  2324.1  3363.0  7893.0 10052.2 14865.8  34783.1    35000
read     1909.4  1081.0   109.4  1427.2  1496.4  1662.9  1737.2  1811.7  1866.8  1959.7  2132.0  3222.1  7877.1  9734.5 15000.9  36989.6    40000
read     1986.6  1059.4   255.0  1501.1  1536.8  1731.1  1832.3  1884.5  1960.2  2039.5  2262.7  3289.0  7871.0  9476.8 15230.8  35799.2    45000
read     2202.3  1142.5   173.5  1639.6  1692.7  1915.1  2017.1  2102.8  2172.7  2294.8  2523.6  3745.1  7938.3  9614.5 15652.1  32514.0    50000
read     1984.6  1090.9   202.4  1501.3  1536.6  1726.0  1821.0  1872.1  1933.0  2015.7  2187.7  3330.7  7902.7  9867.7 15467.4  35980.0    55000
read     1886.4  1006.7   127.6  1416.7  1471.1  1650.2  1732.1  1803.7  1860.5  1953.5  2133.3  3160.5  7822.6  8939.0 12149.7  37617.4    60000
read     2052.7  1083.5   255.0  1562.2  1627.7  1810.2  1879.5  1948.9  1997.9  2067.5  2245.3  3406.8  7897.8 10134.6 15027.9  34788.8    65000
read     1987.8  1025.4   160.7  1530.7  1595.0  1768.7  1842.0  1876.6  1924.8  1993.5  2132.5  3299.3  7864.5  9464.1 13447.1  35829.6    70000
read     2031.1  1118.0   187.4  1515.6  1555.8  1745.7  1849.8  1915.9  1987.1  2085.6  2318.5  3477.6  7908.4  9870.4 15836.8  35102.2    75000
read     1920.7  1060.5   173.5  1462.5  1510.8  1675.0  1738.8  1806.7  1857.0  1939.8  2111.9  3243.1  7873.4  9763.6 15241.4  37024.6    80000
Warning! Detected max cpu usage > 95%
CPU Usage Stats (avg/min/max): 66.33%,1.00%,100.00%
