#type       avg     std     min      p5     p10     p50     p67     p75     p80     p85     p90     p95     p99    p999   p9999     QPS   target
read      308.9   203.7   109.4   190.3   207.2   284.1   315.9   335.9   350.7   369.8   397.5   450.1   980.8  2264.6  7955.7   5042.4     5000
read      373.2   403.2   101.3   187.3   209.3   318.6   367.1   395.9   417.6   443.4   480.7   558.0  1721.2  6376.7  8138.4  10070.6    10000
read      452.7   632.8   101.3   186.6   215.1   365.7   429.2   465.6   496.0   532.7   585.2   704.1  2582.5  8356.2 15670.3  14933.2    15000
read      483.9   624.2    93.8   182.4   211.3   382.3   461.1   510.2   546.5   592.3   666.2   855.4  2969.7  8706.0 13438.0  19957.4    20000
read      578.6   753.4    86.8   186.0   220.1   425.2   530.2   591.8   642.7   712.7   842.3  1438.8  3928.3  8915.5 12788.6  25063.6    25000
read      657.9   678.4    93.8   202.0   247.5   501.1   628.8   710.9   780.4   902.4  1215.4  1621.2  3218.5  8054.3  9983.6  29930.0    30000
read     2030.3  1088.9   118.1  1510.9  1554.8  1761.0  1863.1  1942.0  2008.9  2124.8  2359.6  3382.5  7896.8  9478.5 14350.5  34806.0    35000
read     1975.2  1046.8   275.4  1509.6  1553.4  1736.0  1825.5  1870.1  1922.1  2005.7  2163.0  3309.3  7869.7  9543.4 13956.9  35902.4    40000
read     2180.0  1197.7   148.8  1627.7  1667.3  1879.7  1994.1  2065.9  2144.5  2248.6  2469.0  3708.9  7984.9 12343.0 16344.6  32742.4    45000
read     1869.2  1043.5   236.1  1404.7  1449.5  1627.0  1711.3  1758.2  1820.6  1883.0  2058.5  3142.4  7845.8  9773.3 15677.1  37842.2    50000
read     2122.4  1123.4   218.6  1593.5  1643.7  1855.1  1956.1  2011.9  2062.6  2153.5  2328.0  3619.8  7941.3  9686.8 14676.9  33737.8    55000
read     2071.1  1121.8   187.4  1564.2  1630.5  1816.1  1882.9  1952.3  1998.2  2061.4  2245.9  3495.4  7925.6 10094.0 15879.9  34476.6    60000
read     1991.2  1024.9   187.4  1515.8  1568.1  1764.1  1848.5  1891.9  1957.1  2022.3  2180.1  3311.8  7864.2  9356.2 13082.7  35799.8    65000
read     1981.1  1052.7   148.8  1502.3  1539.0  1730.1  1827.4  1878.1  1945.4  2024.5  2196.5  3331.4  7880.1  9826.1 12612.5  35949.1    70000
read     2205.5  1176.1   550.5  1585.9  1641.3  1873.8  2011.2  2121.2  2211.3  2378.4  2831.0  3852.7  7939.8  9815.3 15873.4  32439.0    75000
read     2044.5  1084.3   275.4  1510.4  1556.8  1779.6  1880.9  1974.6  2036.5  2160.7  2410.5  3388.5  7895.0  9993.9 14390.6  34921.2    80000
Warning! Detected max cpu usage > 95%
CPU Usage Stats (avg/min/max): 65.83%,0.50%,100.00%
