#type       avg     std     min      p5     p10     p50     p67     p75     p80     p85     p90     p95     p99    p999   p9999     QPS   target
read      258.4   148.1   101.3   170.4   184.3   239.9   269.2   285.1   295.8   310.6   329.9   366.0   568.6  1746.8  7397.0   4997.8     5000
read      292.0   193.2    93.8   166.8   186.8   272.5   307.3   327.4   342.6   361.5   386.3   429.2   800.3  2445.4  7455.4  10027.6    10000
read      315.9   158.7    93.8   158.0   183.6   302.1   347.2   372.4   391.0   412.3   440.3   489.5   663.4  2021.4  4839.8  15045.4    15000
read      350.5   326.9    86.8   154.3   178.8   316.1   370.0   399.3   421.7   448.2   484.3   548.4  1251.9  6582.4  7996.7  20065.7    20000
read      354.5   231.7    86.8   151.9   177.0   330.5   392.9   427.1   451.6   480.6   521.0   583.6   866.7  3186.6  7706.2  24980.2    25000
read      377.7   255.1    86.8   150.1   176.7   347.1   418.6   458.2   488.2   524.5   569.4   647.4  1055.0  3464.5  7491.5  29925.2    30000
read      446.6   466.6    86.8   152.7   182.8   368.3   453.7   505.8   543.4   590.3   665.8   886.6  2062.0  7544.7  8205.2  34956.2    35000
read      526.7   570.1    86.8   161.1   196.4   407.3   515.8   583.5   640.1   732.7   925.0  1233.9  2313.8  7815.7 14272.3  39944.8    40000
read      866.6   693.7    93.8   221.9   288.4   738.3  1042.2  1152.5  1221.0  1298.5  1440.9  1788.0  2785.3  7940.6  9348.1  44962.3    45000
read     1411.0   815.1   101.3  1025.4  1065.1  1226.5  1302.1  1366.9  1432.5  1541.5  1842.1  2377.5  7100.3  8123.3 11497.9  48329.8    50000
read     1353.5   732.5   160.7  1024.0  1054.2  1186.6  1251.9  1283.1  1343.5  1428.6  1701.8  2301.9  4942.7  8091.1 10079.0  50495.6    55000
read     1347.8   724.6   127.6  1032.2  1066.6  1192.5  1250.4  1277.7  1320.1  1375.8  1607.6  2297.5  4872.6  8102.5 10207.7  50833.4    60000
read     1401.3   772.2   118.1  1052.6  1104.0  1235.4  1288.7  1343.9  1378.4  1466.1  1704.2  2368.3  6985.7  8129.8 12082.8  49154.6    65000
read     1339.5   714.3   187.4  1028.3  1055.5  1181.6  1243.1  1273.6  1313.2  1375.1  1607.1  2285.5  4241.1  8103.9 10805.2  51109.4    70000
read     1394.3   780.5   148.8  1045.8  1088.8  1216.7  1272.1  1323.9  1368.7  1462.4  1768.4  2355.3  6711.0  8117.6 11489.7  49298.8    75000
read     1371.1   773.9   187.4  1031.8  1064.1  1193.1  1255.7  1288.5  1343.6  1418.9  1707.0  2325.2  6358.9  8130.6 10483.3  50139.8    80000
Warning! Detected max cpu usage > 95%
CPU Usage Stats (avg/min/max): 65.83%,0.50%,100.00%
