#type       avg     std     min      p5     p10     p50     p67     p75     p80     p85     p90     p95     p99    p999   p9999     QPS   target
read      263.4    99.4    93.8   181.5   198.3   254.4   278.1   291.9   301.9   314.6   332.3   361.7   435.6  1188.3  3112.2   5002.4     5000
read      291.6    86.3    86.8   182.2   206.6   285.3   315.9   333.2   344.9   361.0   380.6   415.1   505.4   810.5  2994.2   9963.8    10000
read      304.8   125.4    86.8   160.8   192.9   299.2   334.7   354.4   369.0   387.1   409.6   451.9   569.1  1446.9  3854.0  14886.0    15000
read      325.5   117.6    86.8   155.6   188.3   318.0   361.1   385.2   401.9   425.6   456.7   506.3   686.0  1120.3  2257.8  20039.2    20000
read      336.8   148.1    80.4   149.7   179.5   325.7   375.3   402.3   424.7   451.1   485.4   547.2   732.1  1656.9  2617.5  24976.6    25000
read      358.3   163.0    86.8   155.4   185.1   337.9   395.6   430.9   457.3   489.4   537.6   646.1   840.9  1443.1  3194.6  29884.4    30000
read      391.2   197.0    86.8   161.8   192.1   355.9   428.7   471.4   504.5   550.3   631.6   739.9  1068.4  1637.9  2751.2  34970.0    35000
read      412.8   275.4    80.4   153.6   186.7   366.3   442.7   489.4   527.9   584.3   666.9   787.6  1318.3  2999.7  7836.5  40107.4    40000
read      990.5   835.3    86.8   216.5   275.7   913.1  1178.5  1286.7  1377.2  1500.4  1728.1  2166.2  3477.6  8067.2 10345.8  44832.2    45000
read     1422.6   791.9    93.8   967.0  1022.3  1235.9  1362.5  1453.8  1533.2  1667.9  1978.8  2382.4  7000.5  8118.7 10181.8  47815.4    50000
read     1522.6   898.8   101.3   977.1  1044.8  1304.3  1462.0  1579.7  1691.4  1867.5  2165.4  2614.4  7554.3  8671.2 12722.9  45226.2    55000
read     1743.9  1084.8   127.6  1029.8  1091.0  1419.2  1668.3  1874.2  2054.4  2284.1  2612.2  3240.5  7733.9  9703.8 14641.9  40200.6    60000
read     1565.2   913.3   109.4  1026.7  1075.0  1341.8  1503.0  1617.7  1724.8  1887.1  2182.4  2644.8  7584.3  9521.5 14694.7  44531.6    65000
read     1754.1  1024.3   118.1  1065.3  1127.8  1477.2  1704.3  1874.5  2018.3  2225.2  2528.4  3078.8  7730.7  9086.6 12911.7  40077.8    70000
read     1562.9   899.2   202.4  1002.0  1052.6  1328.4  1497.6  1632.4  1763.1  1966.2  2235.2  2651.5  7575.5  8137.0 10529.7  44504.6    75000
read     1852.2  1136.5   148.8   985.1  1063.3  1543.4  1859.8  2062.0  2227.4  2456.0  2807.4  3596.3  7766.5  9332.8 12927.1  37912.8    80000
Warning! Detected max cpu usage > 95%
CPU Usage Stats (avg/min/max): 66.60%,1.00%,100.00%
