#type       avg     std     min      p5     p10     p50     p67     p75     p80     p85     p90     p95     p99    p999   p9999     QPS   target
read      408.8   693.0    93.8   152.9   167.0   234.8   269.6   294.5   318.2   362.8  1047.3  1263.7  2206.2  7979.7  9319.2   4974.2     5000
read      504.8   672.3    86.8   157.3   178.1   284.7   344.3   399.1   492.1  1080.9  1223.1  1537.7  2332.7  7904.9  9069.9  10024.4    10000
read      692.1   900.4    86.8   159.2   187.0   344.3   474.4   821.8  1153.8  1275.0  1472.9  2252.8  4262.0  8054.4 10091.5  14976.8    15000
read     1909.9  1911.2    80.4   190.8   244.6  1210.8  2603.1  3310.6  3497.4  3744.5  4050.0  5474.0  7993.5 12287.3 16127.4  20055.6    20000
read     2976.9  1743.5    93.8   760.5  1010.6  3193.6  3475.1  3675.1  3833.8  4067.1  4543.6  6617.2  8076.0 11582.2 15982.2  22603.8    25000
read     2846.9  1554.1    93.8   963.3  1053.1  3123.0  3350.0  3469.1  3610.8  3790.4  4168.7  5406.5  7977.8  9999.9 13162.0  24665.0    30000
read     3119.1  1631.6   202.4  1026.6  1118.3  3257.2  3504.0  3697.9  3855.1  4065.3  4584.6  6664.4  8045.8 10143.4 15124.5  22815.8    35000
read     3418.7  1795.7   173.5  1092.0  1191.6  3393.3  3704.2  3934.6  4128.7  4447.4  5400.7  7387.8  8753.9 14779.4 17364.8  20954.4    40000
read     3091.8  1632.1   148.8  1020.5  1108.0  3244.5  3485.4  3675.3  3819.4  4045.6  4519.6  6613.2  8046.2 10230.2 15281.3  22975.2    45000
read     3287.0  1804.2   187.4  1024.7  1121.3  3311.0  3626.0  3847.1  4031.6  4331.9  5159.0  7342.1  8560.5 14515.8 18055.8  21737.2    50000
read     3016.8  1588.8   127.6  1036.2  1120.7  3197.1  3425.0  3576.1  3712.1  3947.7  4367.9  6280.1  8024.2 10010.2 14078.0  23689.8    55000
read     2933.3  1594.4    93.8   986.6  1073.8  3151.6  3380.1  3502.7  3667.2  3891.2  4292.0  5971.6  8010.8 10096.7 15529.7  24289.2    60000
read     2841.5  1550.3   187.4   966.9  1048.5  3109.9  3324.3  3450.4  3590.3  3810.4  4191.6  5402.9  7974.9  9714.4 14009.9  24909.2    65000
read     3133.9  1698.7   187.4  1009.2  1097.3  3244.5  3510.1  3715.0  3894.1  4143.9  4692.2  6879.4  8094.0 11639.7 15915.9  22812.6    70000
read     3220.4  1750.4   173.5  1022.5  1115.6  3283.7  3574.2  3763.1  3959.2  4236.9  4915.6  7167.0  8332.9 12399.6 16171.5  22190.0    75000
read     2994.7  1610.4   202.4  1009.2  1087.5  3181.8  3416.6  3568.9  3710.4  3945.1  4366.6  6353.7  8027.9 10064.8 14939.5  23799.8    80000
Warning! Detected max cpu usage > 95%
CPU Usage Stats (avg/min/max): 66.53%,1.50%,100.00%
