#type       avg     std     min      p5     p10     p50     p67     p75     p80     p85     p90     p95     p99    p999   p9999     QPS   target
read      266.8    86.6    93.8   171.5   187.2   258.5   287.4   304.0   316.5   332.8   353.6   387.8   462.1   883.2  3634.2   4972.4     5000
read      303.0    92.4    86.8   171.0   195.6   297.0   333.5   354.0   369.6   388.4   411.5   452.4   547.6   780.4  1936.5   9988.0    10000
read      338.7   153.9    93.8   165.2   193.2   322.6   367.5   393.2   412.4   435.7   471.6   543.5   843.0  1918.2  3703.1  14958.2    15000
read      359.6   168.2    86.8   162.6   191.8   344.3   396.0   425.2   447.8   476.2   516.7   590.4   863.3  1567.4  4233.6  20010.2    20000
read      363.0   168.9    80.4   156.5   184.0   348.0   402.8   434.9   460.2   490.8   532.3   617.6   869.2  1548.5  3562.6  24970.8    25000
read      442.3   376.7    80.4   163.1   192.7   372.4   443.6   489.9   526.2   577.1   684.9   904.2  1959.0  4284.5  8052.2  29878.0    30000
read      409.0   211.6    80.4   161.4   190.6   375.7   450.7   497.2   532.3   578.3   655.2   780.3  1097.9  1683.1  4033.1  35022.6    35000
read     1834.2  1038.0    93.8  1061.7  1199.6  1667.9  1821.3  1914.5  1993.5  2102.6  2306.9  3099.4  7806.8  9068.8 11679.6  37678.7    40000
read     1950.1  1042.2    93.8  1304.5  1396.7  1730.4  1869.8  1965.1  2030.3  2144.9  2346.0  3252.6  7848.2  9689.7 13477.8  36385.4    45000
read     1916.1  1023.9   127.6  1196.8  1302.8  1721.1  1870.1  1969.1  2035.8  2145.9  2327.6  3191.7  7825.6  8792.8 11437.7  36949.2    50000
read     1951.3  1038.3   202.4  1197.0  1309.9  1744.0  1899.6  2004.5  2090.1  2195.1  2427.3  3284.8  7827.9  9219.9 11951.1  36271.4    55000
read     1871.9   994.5   173.5  1192.8  1285.8  1689.7  1826.9  1907.0  1978.9  2065.1  2227.7  3146.1  7793.2  8711.0 10737.5  37730.6    60000
read     2013.1  1054.7   297.4  1329.7  1422.5  1784.3  1942.8  2032.1  2122.9  2233.7  2473.0  3371.0  7862.4  9548.5 12277.5  35344.8    65000
read     1887.5  1009.6   236.1  1190.5  1289.5  1687.3  1838.1  1934.7  2011.1  2129.6  2339.1  3144.0  7804.3  9376.2 11997.6  37435.8    70000
read     1933.9  1024.9   137.8  1309.0  1395.6  1718.0  1856.1  1945.3  2011.1  2117.8  2315.9  3191.9  7838.4  9429.7 12816.4  36650.6    75000
read     1886.4  1025.3   202.4  1161.2  1262.2  1683.0  1839.5  1943.3  2022.3  2149.4  2373.1  3130.8  7820.2  9695.2 13539.9  37504.2    80000
Warning! Detected max cpu usage > 95%
CPU Usage Stats (avg/min/max): 65.86%,0.50%,100.00%
