#type       avg     std     min      p5     p10     p50     p67     p75     p80     p85     p90     p95     p99    p999   p9999     QPS   target
read      266.2    92.7    93.8   171.3   187.6   256.5   288.4   305.6   317.5   333.6   354.5   389.2   461.0  1114.3  3364.1   4979.4     5000
read      296.3   104.2    93.8   166.8   191.8   290.7   325.7   345.3   360.6   377.0   400.5   438.9   541.6  1061.8  2996.5   9968.4    10000
read      320.0   133.6    86.8   158.6   185.8   314.4   356.0   378.5   395.6   416.5   444.4   492.8   621.5  1295.8  3996.1  15001.4    15000
read      334.6   183.8    86.8   149.9   176.3   326.6   373.2   398.5   417.5   439.2   469.7   524.0   691.9  2330.7  7200.8  20018.6    20000
read      352.6   142.4    86.8   158.3   183.4   344.1   397.9   427.8   450.4   477.4   516.3   578.9   785.8  1225.1  1879.9  24950.0    25000
read      432.3   323.4    86.8   160.5   189.8   376.7   446.8   490.2   525.6   573.8   664.9   878.4  1701.0  3224.1  7919.3  30064.4    30000
read     1142.2  1073.4    80.4   188.4   244.8   800.3  1522.7  1702.0  1817.5  1956.2  2155.4  2575.4  7069.4  8122.4 10174.0  34868.8    35000
read     1963.8  1073.1    93.8  1153.6  1301.7  1778.3  1945.7  2044.0  2136.9  2253.2  2479.3  3325.2  7842.3  9059.5 11701.2  35493.4    40000
read     1932.8  1061.1   137.8  1184.2  1288.1  1738.2  1888.5  1988.0  2059.7  2165.5  2349.7  3242.3  7842.6  9830.1 14917.4  36701.1    45000
read     1965.2  1038.0   187.4  1301.6  1392.5  1739.6  1897.0  2002.7  2086.9  2190.7  2410.0  3237.0  7843.3  9415.5 12478.2  36062.6    50000
read     2561.6  1943.5   101.3  1201.8  1311.5  1778.9  2017.9  2370.2  3345.2  4363.6  5574.9  7171.6  8863.6 15757.3 17471.0  28029.6    55000
read     2598.2  2010.2   148.8  1189.8  1299.3  1759.9  2023.4  2664.8  3513.0  4393.5  5517.9  7334.6  9412.8 15831.3 20703.6  27718.4    60000
read     1893.1  1067.0   160.7  1188.8  1283.5  1695.0  1841.3  1931.0  2000.3  2100.7  2281.9  3162.1  7852.5 10118.3 15055.6  37567.4    65000
read     1999.6  1057.1   275.4  1228.4  1338.0  1779.2  1952.3  2057.2  2152.6  2292.9  2561.5  3337.6  7847.1  9000.3 11534.4  35505.6    70000
read     1874.9  1013.9   109.4  1186.4  1280.8  1687.1  1826.5  1909.8  1985.1  2082.3  2264.6  3124.4  7810.0  9682.6 12784.1  37782.4    75000
read     1913.9  1052.8   236.1  1279.1  1360.9  1690.4  1832.1  1920.1  1994.7  2102.0  2320.9  3169.4  7843.1  9871.8 14788.6  37154.8    80000
Warning! Detected max cpu usage > 95%
CPU Usage Stats (avg/min/max): 65.60%,0.50%,100.00%
