#type       avg     std     min      p5     p10     p50     p67     p75     p80     p85     p90     p95     p99    p999   p9999     QPS   target
read      321.9   273.0   109.4   189.5   207.4   286.2   318.0   339.0   355.3   374.4   405.7   470.4  1333.9  3105.7  7926.9   4928.4     5000
read      416.1   667.0   109.4   191.8   215.8   330.7   380.9   409.8   432.9   462.4   506.7   594.3  2520.0  9984.3 15069.1   9966.0    10000
read      557.7  1020.3    93.8   180.5   206.9   351.1   419.7   461.5   496.5   543.4   636.1  1369.1  6703.0  9438.8 16360.6  15027.8    15000
read      457.0   494.8    93.8   181.2   211.3   382.0   459.0   504.8   539.8   583.2   643.5   773.5  2225.4  7692.0  8590.7  19969.5    20000
read      544.0   710.4    93.8   183.0   216.3   415.2   514.9   573.6   619.5   682.1   781.9  1247.6  2973.8  8350.4 15764.8  24902.6    25000
read      594.1   604.0    93.8   194.8   235.2   476.3   598.2   674.7   733.8   811.8   971.3  1361.2  2466.1  7911.1 14426.9  30011.8    30000
read     2079.0  1240.0   118.1  1073.4  1461.0  1840.3  1966.5  2045.1  2138.6  2258.4  2493.5  3609.7  7975.4 12076.9 17379.8  32950.2    35000
read     2094.1  1119.0   148.8  1517.7  1577.2  1814.7  1936.2  2020.6  2109.1  2227.5  2517.9  3560.0  7920.6  9792.0 15064.9  34002.6    40000
read     2224.5  1219.8   236.1  1516.1  1578.3  1856.4  2031.1  2186.3  2343.4  2603.4  3051.9  4027.7  7963.6  9955.3 15140.6  32118.8    45000
read     2160.6  1140.4   173.5  1566.7  1635.8  1865.7  1994.1  2084.6  2168.5  2304.8  2576.4  3651.0  7929.8  9980.0 15181.5  33099.6    50000
read     2016.7  1062.2   236.1  1430.8  1500.4  1725.9  1870.0  1987.7  2093.3  2263.6  2624.0  3365.2  7858.2  9108.5 12469.1  35206.4    55000
read     2090.9  1095.4   297.4  1519.8  1575.5  1808.5  1933.8  2023.4  2122.1  2264.9  2590.7  3458.9  7892.7  9840.3 13294.9  34129.4    60000
read     1863.0   988.5   187.4  1404.5  1452.8  1642.3  1724.0  1785.3  1843.3  1923.1  2104.7  3094.2  7808.3  9414.2 13574.6  37974.4    65000
read     1964.6  1053.6   321.2  1467.6  1520.3  1715.6  1818.0  1878.8  1953.0  2035.5  2248.4  3242.5  7867.2  9595.4 16257.4  36190.8    70000
read     2098.1  1137.7   148.8  1470.6  1526.1  1762.6  1908.6  2028.9  2161.6  2400.5  2916.0  3689.8  7900.2  9852.5 12615.0  33949.4    75000
read     2269.5  1260.5   404.6  1615.9  1655.8  1911.8  2068.6  2189.7  2311.9  2500.1  2955.7  3990.1  8016.9 11646.7 16155.9  31584.6    80000
Warning! Detected max cpu usage > 95%
CPU Usage Stats (avg/min/max): 66.56%,1.01%,100.00%
