#type       avg     std     min      p5     p10     p50     p67     p75     p80     p85     p90     p95     p99    p999   p9999     QPS   target
read      268.4   238.1   101.3   172.5   186.8   246.8   276.3   292.0   303.8   318.0   339.3   375.2   534.1  3783.9  8110.1   4963.2     5000
read      298.7   134.4    93.8   171.8   192.8   287.3   323.6   344.8   361.1   379.4   403.1   443.7   584.0  1493.8  4076.1   9972.6    10000
read      358.5   486.7    93.8   161.9   187.4   307.3   354.5   380.2   399.2   423.0   455.4   518.8  1513.9  8047.0 10598.6  14943.2    15000
read      388.8   406.4    86.8   157.7   186.5   340.8   399.5   432.9   458.4   490.9   536.9   635.3  1666.2  6695.5 11073.0  20002.4    20000
read      388.9   448.4    86.8   151.7   176.8   331.5   396.0   432.2   458.8   492.8   539.5   632.4  1666.0  7269.6  8664.3  24966.2    25000
read      398.1   332.6    86.8   153.3   181.2   353.9   427.7   469.2   502.5   541.2   591.7   693.0  1338.8  4996.5  7956.0  30125.6    30000
read      483.8   628.9    86.8   154.0   183.7   372.5   460.1   514.1   554.7   614.0   722.7  1126.5  2458.1  8341.7 15099.3  34974.4    35000
read      431.9   383.2    86.8   151.4   180.5   366.2   454.0   507.6   547.0   595.9   670.1   835.7  1654.1  5119.7  8058.9  39983.4    40000
read      666.1   561.4    80.4   185.8   235.0   523.0   701.4   845.3   969.6  1089.5  1220.5  1467.1  2390.6  7662.0  9474.6  44968.0    45000
read     1110.8   700.7    93.8   343.2   473.1  1081.7  1173.8  1234.6  1278.6  1366.7  1551.7  2065.3  3248.1  8024.3  9704.2  49676.4    50000
read     1395.3   791.1   137.8  1039.1  1082.3  1215.8  1271.2  1321.6  1366.7  1453.6  1796.6  2360.7  7028.5  8109.7 10242.1  49317.2    55000
read     1421.4   832.4   202.4  1036.2  1077.7  1225.2  1291.5  1359.5  1420.4  1528.9  1890.7  2398.6  7055.1  9197.1 14730.6  48397.2    60000
read     1414.1   785.7   218.6  1058.7  1106.3  1237.8  1294.6  1349.7  1384.2  1476.5  1717.3  2392.1  6983.0  8119.9 10246.7  48743.4    65000
read     1473.9   834.2   127.6  1105.2  1133.2  1278.8  1354.1  1397.9  1457.5  1545.5  1804.5  2482.8  7377.4  8217.2 11148.7  46977.6    70000
read     1324.9   721.1   127.6  1005.1  1036.9  1164.7  1225.2  1263.4  1296.1  1375.7  1703.4  2263.0  3979.7  8129.9 14051.3  51601.6    75000
read     1418.3   802.1   127.6  1035.0  1076.0  1228.1  1299.3  1365.4  1431.1  1546.4  1893.6  2377.4  7086.9  8126.6 11133.5  48638.9    80000
Warning! Detected max cpu usage > 95%
CPU Usage Stats (avg/min/max): 66.13%,1.50%,100.00%
