#type       avg     std     min      p5     p10     p50     p67     p75     p80     p85     p90     p95     p99    p999   p9999     QPS   target
read      253.6   123.9   101.3   171.1   184.0   237.8   266.4   282.0   293.2   307.5   325.2   359.6   485.4  2116.6  4932.0   5037.4     5000
read      296.3   208.8    93.8   167.8   189.2   278.7   314.2   334.7   349.2   367.4   392.2   431.3   618.2  3047.9  7834.9  10092.8    10000
read      328.3   296.6    86.8   155.2   180.5   297.3   342.3   367.3   385.8   407.3   436.8   495.0  1233.0  5256.8  7918.3  14990.8    15000
read      340.3   257.7    93.8   151.3   176.5   312.7   367.0   396.8   418.7   444.6   479.5   543.3  1025.7  4085.0  7722.6  19961.7    20000
read      421.4   606.1    86.8   153.4   180.7   343.6   410.6   448.4   476.8   514.9   567.0   702.5  1884.2  8052.5 15267.1  24968.6    25000
read      397.7   397.1    86.8   151.1   177.2   343.2   416.4   458.0   490.2   529.8   580.5   684.5  1573.7  6487.0  8034.3  29819.9    30000
read      476.5   560.0    86.8   155.7   186.0   377.9   466.4   522.0   563.4   620.6   721.0  1081.0  2324.2  8030.3 12162.1  35028.6    35000
read      415.9   305.7    86.8   152.5   181.2   364.3   453.2   506.0   544.7   591.6   659.0   785.6  1367.0  4608.7  7738.8  39907.0    40000
read     1560.4   953.6   118.1  1101.6  1142.8  1328.1  1430.1  1514.8  1604.2  1737.9  2102.4  2604.8  7637.3  9826.5 14685.4  44206.0    45000
read     1253.2   722.2    93.8   645.5   851.5  1141.5  1223.9  1275.8  1339.3  1443.4  1711.4  2174.8  3516.3  8088.0 12139.4  49738.2    50000
read     1548.8   898.1   173.5  1106.6  1143.8  1323.1  1419.9  1495.2  1584.9  1725.8  2137.2  2584.0  7591.3  8785.1 11828.1  44887.2    55000
read     1474.3   838.6   148.8  1053.4  1105.0  1259.6  1352.2  1428.6  1504.9  1665.1  2090.8  2480.6  7373.1  8130.1 10711.5  46994.8    60000
read     1454.9   834.2   218.6  1075.5  1113.6  1251.6  1326.8  1379.9  1449.7  1562.4  1942.0  2456.9  7285.1  8127.7 12229.7  47515.0    65000
read     1350.3   743.4   148.8  1003.4  1035.6  1169.3  1242.2  1285.5  1354.8  1463.0  1882.6  2293.6  5046.6  8084.0 10373.7  50762.8    70000
read     1430.0   827.9   137.8  1054.0  1103.9  1241.0  1306.8  1361.5  1412.2  1515.8  1820.4  2403.1  7256.8  8135.1 13209.1  48296.8    75000
read     1484.2   860.0   236.1  1081.9  1119.6  1277.0  1365.9  1437.3  1497.0  1612.3  1930.7  2488.4  7439.6  9145.8 14721.1  46681.9    80000
Warning! Detected max cpu usage > 95%
CPU Usage Stats (avg/min/max): 66.00%,1.00%,100.00%
