#type       avg     std     min      p5     p10     p50     p67     p75     p80     p85     p90     p95     p99    p999   p9999     QPS   target
read      278.3   250.9    93.8   187.5   204.8   263.1   287.1   300.6   311.9   324.6   342.8   374.7   470.3  3163.0 10393.3   4973.4     5000
read      295.7   105.1    93.8   182.2   207.3   288.0   318.1   335.7   347.4   364.4   385.4   420.7   523.6  1464.8  3772.5   9949.6    10000
read      310.8   113.7    86.8   162.4   197.9   304.0   340.3   361.1   375.2   394.4   420.3   464.3   617.0  1171.4  3279.1  14910.6    15000
read      334.2   175.5    86.8   156.5   189.5   318.5   362.8   387.6   404.7   429.9   462.2   520.6   777.0  2528.2  4751.8  19958.2    20000
read      348.4   146.8    86.8   150.1   181.7   336.4   387.7   416.6   437.6   465.2   503.3   592.1   792.2  1360.1  2652.1  24955.8    25000
read      348.6   149.8    74.4   148.1   176.5   334.3   390.6   423.7   448.3   476.4   517.8   614.3   785.6  1224.5  2377.8  29823.4    30000
read      357.6   160.9    86.8   147.5   176.2   339.7   399.7   436.0   463.0   496.6   546.7   651.2   800.3  1551.3  2742.5  35115.1    35000
read      394.0   211.1    80.4   156.2   186.8   358.7   433.6   478.7   513.8   564.9   643.2   742.2  1047.8  1822.2  5009.4  40075.2    40000
read      476.2   319.1    80.4   165.0   204.5   406.3   505.5   574.7   632.7   700.3   799.6  1016.7  1579.0  2733.9  7825.2  45078.6    45000
read     1488.5   848.4   101.3   964.8  1034.9  1291.4  1442.4  1550.2  1643.4  1795.8  2086.4  2522.1  7306.9  8130.5 11019.0  45984.2    50000
read     1460.9   812.2   236.1   995.5  1043.0  1261.1  1390.6  1485.0  1571.6  1707.6  2050.7  2476.1  7184.1  8111.4 10345.9  47280.4    55000
read     1397.2   758.3   173.5   979.8  1031.6  1229.7  1339.0  1411.8  1475.3  1573.2  1829.4  2340.6  5909.2  8118.7 10247.0  49192.6    60000
read     1621.0   942.6   160.7   992.2  1053.0  1375.7  1588.0  1738.3  1871.8  2046.0  2314.7  2773.9  7630.4  8504.6 10911.4  43046.3    65000
read     1856.4  1116.0   255.0  1060.2  1126.4  1536.5  1832.9  2033.2  2208.1  2422.1  2737.9  3465.1  7787.2  9437.1 12790.4  37933.6    70000
read     1669.4   986.7   202.4  1021.2  1079.7  1402.7  1618.6  1792.0  1936.2  2119.8  2383.4  2892.6  7684.1  8718.1 12927.5  41887.2    75000
read     1826.4  1078.0   160.7  1002.2  1099.4  1533.7  1820.7  2016.6  2178.0  2390.4  2711.8  3339.7  7745.5  9017.3 11211.0  38444.6    80000
Warning! Detected max cpu usage > 95%
CPU Usage Stats (avg/min/max): 65.90%,1.00%,100.00%
