#type       avg     std     min      p5     p10     p50     p67     p75     p80     p85     p90     p95     p99    p999   p9999     QPS   target
read      252.1   125.3    86.8   169.1   185.7   243.4   264.9   276.7   287.1   297.7   314.6   341.0   418.0  2001.5  6224.8   4987.4     5000
read      270.8    84.7    80.4   166.1   190.6   265.4   293.7   309.5   319.9   335.1   353.3   382.6   457.1   753.0  3114.1   9918.4    10000
read      295.9   122.2    74.4   152.3   186.1   289.8   324.3   342.8   357.3   373.3   396.7   433.6   554.1  1513.3  4169.9  14983.6    15000
read      310.5   120.4    80.4   146.4   176.6   303.4   343.4   366.2   383.0   402.3   430.5   480.9   682.3  1265.0  2635.1  19975.8    20000
read      325.0   133.8    80.4   143.0   172.4   316.9   363.8   390.1   409.1   432.9   466.1   524.7   729.6  1154.9  2864.4  24950.4    25000
read      335.4   148.6    74.4   143.3   171.9   322.0   374.8   404.0   427.2   455.6   494.7   572.8   764.5  1315.4  3151.9  30032.6    30000
read      379.6   276.7    80.4   146.8   175.5   335.4   400.1   439.3   469.9   508.8   581.7   729.8  1339.9  3663.8  7775.4  34957.0    35000
read      363.6   174.6    74.4   145.3   173.8   338.0   404.0   443.5   473.6   511.8   576.8   693.3   890.1  1331.1  2374.7  40046.8    40000
read      403.5   242.4    80.4   150.0   181.7   360.7   438.7   487.5   525.1   580.1   667.1   782.4  1179.1  2397.4  7132.9  45122.0    45000
read      458.6   279.7    80.4   158.4   197.6   400.6   499.0   563.6   619.4   687.8   776.6   929.0  1363.3  2186.2  7392.2  50001.6    50000
read     1397.1   819.8    86.8   877.4   933.6  1176.0  1348.7  1488.9  1635.3  1834.7  2061.5  2432.9  6059.0  8112.1 10249.8  48530.2    55000
read     1485.8   881.6   148.8   892.1   948.5  1245.1  1462.0  1640.4  1790.7  1963.0  2179.1  2575.1  7244.2  8121.9 10574.5  46402.6    60000
read     2023.1  1226.1   218.6   980.7  1076.0  1721.2  2052.0  2275.9  2471.1  2732.0  3126.5  3991.9  7850.7  9228.9 11574.3  34950.2    65000
read     2055.7  1289.1   255.0   970.2  1053.7  1722.4  2086.4  2339.1  2558.4  2852.8  3269.6  4237.2  7882.3  9972.0 14681.8  34361.6    70000
read     2536.0  1489.5   218.6  1118.7  1267.4  2127.2  2572.7  2915.3  3186.8  3601.9  4205.5  5546.9  8021.6 10162.1 15905.0  28120.7    75000
read     1837.4  1134.1   202.4   954.1  1018.0  1544.8  1889.3  2085.8  2244.2  2463.4  2783.0  3514.7  7756.7  9583.9 12538.3  38204.0    80000
Warning! Detected max cpu usage > 95%
CPU Usage Stats (avg/min/max): 65.93%,0.50%,100.00%
